CIDErTest5: 1.215004
Bleu_4Test5: 0.370087
Bleu_3Test5: 0.492249
Bleu_2Test5: 0.643845
Bleu_1Test5: 0.802554
ROUGE_LTest5: 0.578428
METEORTest5: 0.281891
CIDErTest40: 1.240631
Bleu_4Test40: 0.671815
Bleu_3Test40: 0.782155
Bleu_2Test40: 0.879216
Bleu_1Test40: 0.945173
ROUGE_LTest40: 0.725715
METEORTest40: 0.369611